export const LEVEL_04 = {
  tileSize: 16,
  width: 16,
  height: 14,
  playerSpawn: { x: 2, y: 1 },
  enemySpawns: [ { tx: 8, ty: 7, dir: -1 }, { tx: 12, ty: 7, dir: 1 }, { tx: 4, ty: 5, dir: 1 } ],
  // 0 empty, 1 solid, 2 semi-solid (one-way from above)
  tiles: [
    // 0
    0,0,0,0,0,0,0,0,0,0,0,0,0,0,0,0,
    // 1
    0,0,0,0,0,0,0,0,0,0,0,0,0,0,0,0,
    // 2
    0,0,0,0,0,0,0,0,0,0,0,0,0,0,0,0,
    // 3
    0,0,0,0,2,2,0,0,0,2,2,0,0,0,0,0,
    // 4
    0,0,0,0,0,0,0,0,0,0,0,0,0,0,0,0,
    // 5
    0,0,0,0,0,0,2,2,2,0,0,0,0,0,0,0,
    // 6
    0,0,0,0,0,0,0,0,0,0,0,0,0,0,0,0,
    // 7
    0,2,2,2,0,0,0,0,0,0,2,2,2,0,0,0,
    // 8
    0,0,0,0,0,0,0,0,0,0,0,0,0,0,0,0,
    // 9
    0,0,0,0,0,0,0,0,0,0,0,0,0,0,0,0,
    // 10
    0,0,0,0,0,0,0,0,0,0,0,0,0,0,0,0,
    // 11
    0,0,0,0,0,0,0,0,0,0,0,0,0,0,0,0,
    // 12
    0,0,0,0,0,0,0,0,0,0,0,0,0,0,0,0,
    // 13
    1,1,1,1,1,1,1,1,1,1,1,1,1,1,1,1
  ],
};
