export const LEVEL_04 = {
  tileSize: 16,
  width: 16,
  height: 14,
  playerSpawn: { x: 2, y: 1 },
  enemySpawns: [ { tx: 8, ty: 7, dir: -1 }, { tx: 12, ty: 7, dir: 1 }, { tx: 4, ty: 5, dir: 1 } ],
  // 0 empty, 1 solid, 2 semi-solid (one-way from above)
  tiles: [
    // y0 (top)
    0,0,0,0,0,0,0,0,0,0,0,0,0,0,0,0,
    // y1
    0,0,0,0,0,0,0,0,0,0,0,0,0,0,0,0,
    // y2
    0,0,0,0,0,0,0,0,0,0,0,0,0,0,0,0,
    // y3 semi-solid bridges
    0,0,0,2,2,2,0,0,0,2,2,2,0,0,0,0,
    // y4
    0,0,0,0,0,0,0,0,0,0,0,0,0,0,0,0,
    // y5 mixed: solid ledge and semi-solids
    0,0,1,1,0,0,2,2,2,0,0,1,1,0,0,0,
    // y6
    0,0,0,0,0,0,0,0,0,0,0,0,0,0,0,0,
    // y7 semi-solid bridges
    0,2,2,2,0,0,0,0,0,0,2,2,2,0,0,0,
    // y8
    0,0,0,0,0,0,0,0,0,0,0,0,0,0,0,0,
    // y9
    0,0,0,0,0,0,0,0,0,0,0,0,0,0,0,0,
    // y10
    0,0,0,0,0,0,0,0,0,0,0,0,0,0,0,0,
    // y11
    0,0,0,0,0,0,2,2,2,0,0,0,0,0,0,0,
    // y12 low semi-solid ledge
    0,0,0,0,0,0,2,2,2,0,0,0,0,0,0,0,
    // y13 floor
    1,1,1,1,1,1,1,1,1,1,1,1,1,1,1,1,
  ],
};
